--- Top 5 Resultados del Recorrido del Caballo (10x10) ---
Total de casillas: 100

RESULTADO #1 (Score: 67)
Posición Inicial: (7, 5)
Tablero de Recorrido:
0 54 59 0 0 16 0 66 19 68
0 57 40 15 60 0 0 17 26 65
53 14 55 58 0 0 61 20 67 18
56 39 0 41 50 21 0 27 64 25
13 52 49 38 0 28 23 62 0 30
48 0 42 51 22 3 0 29 24 63
43 12 0 2 37 8 35 0 31 0
0 47 44 7 4 1 0 0 34 0
45 6 11 0 0 36 9 32 0 0
0 0 46 5 10 0 0 0 0 33

RESULTADO #2 (Score: 66)
Posición Inicial: (7, 9)
Tablero de Recorrido:
23 0 25 0 21 18 0 0 0 0
0 0 22 19 10 27 16 0 14 29
43 24 57 26 17 20 13 28 33 0
56 0 42 11 58 9 0 15 30 35
41 44 59 0 39 12 37 34 0 32
60 55 40 0 64 0 8 31 36 3
0 0 45 54 0 38 65 2 7 0
52 61 0 63 48 0 0 0 4 1
0 46 53 50 0 0 0 66 0 6
0 51 62 47 0 49 0 5 0 67

RESULTADO #3 (Score: 63)
Posición Inicial: (0, 4)
Tablero de Recorrido:
0 0 0 28 1 0 13 0 0 58
0 0 0 5 12 29 2 59 14 0
0 0 27 0 3 6 11 30 57 16
0 0 4 0 44 33 60 15 0 31
0 26 43 62 7 10 45 32 17 56
42 63 0 25 34 61 8 0 46 0
0 0 0 64 9 24 47 18 55 52
0 41 0 35 38 21 50 53 48 19
0 0 39 0 23 36 0 20 51 54
40 0 0 37 0 0 22 49 0 0

RESULTADO #4 (Score: 63)
Posición Inicial: (7, 0)
Tablero de Recorrido:
64 0 0 0 60 0 58 47 0 0
0 0 63 22 57 46 61 0 0 0
0 23 32 0 62 59 44 53 48 51
33 0 21 56 45 36 27 50 43 0
20 31 24 35 26 7 54 37 52 49
0 34 19 30 55 28 5 42 9 38
0 0 0 25 6 0 8 0 0 0
1 18 15 0 29 4 41 12 39 10
0 0 2 17 0 13 0 0 0 0
0 16 0 14 3 0 0 40 11 0

RESULTADO #5 (Score: 60)
Posición Inicial: (5, 3)
Tablero de Recorrido:
41 0 43 0 0 0 0 6 27 0
0 0 40 0 44 5 26 0 46 7
0 42 0 20 3 0 45 28 0 0
0 19 0 39 30 25 4 0 8 47
0 0 31 60 21 2 29 48 0 0
0 33 18 1 38 61 24 0 50 9
0 0 37 32 59 22 49 52 13 0
34 0 0 17 36 55 58 23 10 51
0 0 35 56 0 16 0 12 53 14
0 0 0 0 0 57 54 15 0 11

