--- Top 1 Resultados del Recorrido del Caballo (20x20) ---
Total de casillas: 400

RESULTADO #1 (Score: 193)
Posición Inicial: (19, 8)
Tablero de Recorrido:
136 0 132 0 0 0 102 129 0 95 194 0 82 0 92 0 86 0 90 0
0 0 135 0 133 130 0 96 103 128 0 122 93 0 81 84 91 88 0 0
0 137 0 131 0 0 104 101 98 121 94 193 0 83 0 87 80 85 0 89
0 140 0 134 0 0 97 120 127 192 99 0 123 0 79 0 0 0 0 0
0 0 138 141 116 105 0 111 100 119 124 191 0 0 0 0 0 0 0 0
139 142 115 0 0 112 0 118 9 126 0 12 0 190 15 78 0 0 0 0
144 171 152 113 0 117 106 0 110 11 108 125 16 13 0 71 0 77 74 0
0 114 143 172 153 0 181 10 107 8 0 56 189 0 17 14 0 72 31 76
170 145 154 151 182 149 0 0 180 109 0 0 60 55 0 0 70 75 20 73
155 0 173 146 157 0 183 148 7 0 0 188 57 0 69 18 21 30 51 32
174 169 156 163 150 147 0 179 0 187 0 61 54 59 0 0 52 19 22 29
0 164 167 158 0 184 0 6 0 0 0 58 65 68 53 0 0 0 33 50
168 175 0 165 162 0 178 0 186 0 64 0 62 0 66 37 0 0 28 23
0 166 159 0 177 0 185 0 5 0 0 0 67 38 0 0 27 34 49 0
0 0 176 0 0 161 4 0 0 0 0 63 0 0 0 0 36 0 24 0
0 0 0 160 0 0 0 0 0 0 0 0 0 0 39 0 0 26 35 48
0 0 0 0 0 3 0 0 0 0 0 0 0 0 0 0 40 47 0 25
0 0 0 0 0 0 0 2 0 0 0 0 0 0 0 0 0 44 41 46
0 0 0 0 0 0 0 0 0 0 0 0 0 0 0 0 0 0 0 43
0 0 0 0 0 0 0 0 1 0 0 0 0 0 0 0 0 42 45 0

