--- Top 5 Resultados del Recorrido del Caballo (10x10) ---
Total de casillas: 100

RESULTADO #1 (Score: 79)
Posición Inicial: (6, 7)
Tablero de Recorrido:
12 0 20 53 22 0 0 51 44 0
19 54 11 0 0 52 45 66 41 50
10 13 56 21 16 23 40 43 46 65
55 18 9 14 57 38 67 0 49 42
8 0 28 17 68 15 24 39 64 47
0 0 7 0 27 58 37 48 25 0
6 73 32 29 0 69 26 1 36 63
79 76 5 72 33 30 59 62 0 0
74 0 78 31 4 0 70 35 2 61
77 80 75 0 71 34 3 60 0 0

RESULTADO #2 (Score: 76)
Posición Inicial: (8, 3)
Tablero de Recorrido:
0 73 12 59 0 0 22 63 0 0
77 46 75 72 13 60 0 0 23 62
74 11 58 47 0 21 24 61 64 0
45 76 7 20 71 14 49 0 0 68
10 19 44 57 48 25 70 67 0 65
3 6 17 8 43 56 15 50 69 0
18 9 2 5 16 37 26 41 66 51
0 4 0 36 55 42 53 32 29 40
0 0 0 1 34 0 38 27 52 31
0 0 35 0 0 54 33 30 39 28

RESULTADO #3 (Score: 73)
Posición Inicial: (7, 1)
Tablero de Recorrido:
0 58 61 36 55 28 69 34 31 0
38 11 56 59 68 35 54 29 70 33
57 60 37 62 27 52 73 32 0 30
10 39 12 67 74 0 26 53 16 71
0 66 41 0 63 14 51 72 0 0
40 9 64 13 42 25 22 15 0 17
65 0 0 8 23 46 0 50 21 48
0 1 0 0 4 43 24 47 18 0
0 0 7 2 45 0 5 0 49 20
0 0 0 0 6 3 44 19 0 0

RESULTADO #4 (Score: 72)
Posición Inicial: (5, 8)
Tablero de Recorrido:
64 73 18 0 28 67 0 0 0 0
17 0 63 66 19 0 29 22 0 0
72 65 16 27 68 0 20 0 0 0
9 62 11 70 15 30 23 0 21 0
60 71 8 51 26 69 14 47 24 0
0 10 61 12 31 48 25 36 1 0
56 59 52 7 50 13 32 0 46 37
0 0 57 42 53 6 49 2 35 0
58 55 0 0 40 43 4 33 38 45
0 0 41 54 5 0 39 44 3 34

RESULTADO #5 (Score: 70)
Posición Inicial: (0, 6)
Tablero de Recorrido:
71 0 0 0 53 62 1 64 13 0
0 0 52 61 2 65 4 15 0 11
0 70 0 66 51 54 63 12 5 14
0 0 60 55 0 3 16 49 10 0
69 58 67 0 27 50 9 6 17 0
0 0 56 59 8 0 26 19 48 0
57 68 35 28 0 20 7 44 25 18
0 0 32 39 36 29 0 47 22 45
0 34 37 30 41 0 21 24 43 0
0 31 40 33 38 0 42 0 46 23

